================================================================================================
VitalDB モニタ波形での特徴点・早期振幅比の同定可能性（事前規準は本ファイル冒頭・lab_log 追記14）
================================================================================================
症例 20 例・窓 5655（解析できる窓 5525）・vitaldb 1.5.8・pda2 03727d43b293

0. 陽性対照 PWTT（陽性対照）: 窓間自己相関の症例中央値 0.787（要求 ≥ 0.5） → 合格

------------------------------------------------------------------------------------------------
1. 判定（指標ごと。同定率の症例中央値 ≥ 0.7 かつ 自己相関の症例中央値 ≥ 0.3）
------------------------------------------------------------------------------------------------
指標                             同定率 中央値      自己相関 中央値        判定  理由
特徴点 ΔT（平均拍）                       0.67          0.56    同定できない  同定率 0.67 < 0.7
Am_b/Am_p1（平均拍）                   0.95          0.36     同定できる  

------------------------------------------------------------------------------------------------
2. 症例ごと
------------------------------------------------------------------------------------------------
caseid   年齢    窓   解析可      σ   型1   型3  型4+   同定ΔT    自己相関ΔT   同定Am    自己相関Am    自己相関PWTT  CVΔT  CVAm   拍ごと型1    凍結ΔT自己相関
    97   33  257   257 0.0000 0.78 0.20 0.02   0.98      0.81   0.95      0.55        0.83  0.31  0.03    0.98        0.80
   217   52  270   270 0.0062 0.04 0.38 0.58   0.42      0.43   0.98      0.76        0.76  0.20  0.03    0.15        0.28
   418   65  322   267 0.0061 0.09 0.25 0.66   0.34      0.67   0.87      0.09        0.69  0.54  0.10    0.27        0.66
  1030   68  179   179 0.0062 0.05 0.46 0.49   0.51      0.82   0.95      0.17        0.67  0.31  0.09    0.12        0.62
  1602   53  431   431 0.0000 0.07 0.49 0.44   0.56      0.85   0.93      0.09        0.63  0.46  0.06    0.19        0.75
  1826   64  137   137 0.0000 0.28 0.65 0.07   0.93      0.49   0.93      0.55        0.58  0.39  0.05    0.89        0.40
  3150   53  340   337 0.0000 0.09 0.62 0.28   0.72      0.68   0.95      0.40        0.81  0.33  0.09    0.16        0.70
  3170   63  182   141 0.0057 0.04 0.29 0.67   0.33      0.06   0.91      0.37        0.80  0.49  0.11    0.14        0.42
  3449   77  184   183 0.0060 0.03 0.71 0.26   0.74      0.85   0.95      0.53        0.88  0.20  0.05    0.09        0.58
  3537   42  381   368 0.0092 0.10 0.41 0.49   0.51      0.31   0.90      0.17        0.74  0.55  0.06    0.44        0.49
  3846   70  426   426 0.0061 0.08 0.80 0.12   0.88      0.85   0.98      0.36        0.80  0.45  0.04    0.12        0.37
  3973   75  360   360 0.0065 0.02 0.09 0.89   0.11      0.98   0.97      0.52        0.89  0.42  0.06    0.00        0.78
  4012   71  116   112 0.0041 0.06 0.14 0.79   0.21         —   0.92      0.08        0.85  0.58  0.07    0.31        0.38
  4048   68   83    82 0.0000 0.10 0.76 0.15   0.85      0.39   0.93     -0.13        0.53  0.28  0.17    0.29       -0.06
  4617   86  294   291 0.0058 0.36 0.56 0.08   0.92      0.56   0.95      0.23        0.78  0.45  0.04    0.74        0.16
  5109   53  350   350 0.0061 0.11 0.70 0.18   0.82      0.64   0.97      0.59        0.89  0.26  0.04    0.51        0.63
  5319   68  482   482 0.0059 0.26 0.49 0.25   0.75      0.41   0.98      0.56        0.52  0.22  0.02    0.53        0.35
  5809   75  406   405 0.0060 0.08 0.87 0.05   0.95      0.42   0.98      0.28        0.84  0.33  0.04    0.15        0.86
  5973   30  259   251 0.0059 0.24 0.15 0.61   0.39      0.52   0.97      0.45        0.87  0.30  0.03    0.81        0.74
  6163   77  196   196 0.0134 0.16 0.46 0.38   0.62      0.05   0.90     -0.08        0.64  0.49  0.14    0.68        0.01

------------------------------------------------------------------------------------------------
3. 記述
------------------------------------------------------------------------------------------------
  平均拍の型（解析できる窓 5525）: 型1 15.3%・型3 49.1%・型4 34.9%・型5 0.7%・失敗 0.0%
  型1 の切痕の顕著さ（拡張期ピーク−切痕）: 中央値 0.064・10% 点 0.016（PWDB は中央値 0.042・閾値 0.01）
  拍の相対雑音 σ: 中央値 0.0059・90% 点 0.0103（PWDB は 0）
  拍ごとの同定率（窓の中央値の症例中央値）: 型1 0.28・型1+3 0.98・Am_b/Am_p1 0.96 ／ 平均拍: ΔT 0.67・Am_b/Am_p1 0.95
  拍間の SD（窓内・症例中央値）: ΔT 81.4 ms・Am_b/Am_p1 0.046
  症例間の分離 ICC(1) 特徴点 ΔT（平均拍）: 0.29（症例中央値の範囲 102〜331）
  症例間の分離 ICC(1) Am_b/Am_p1（平均拍）: 0.23（症例中央値の範囲 0.842〜0.986）
  症例間の分離 ICC(1) PWTT（陽性対照）: 0.39（症例中央値の範囲 615〜696）
  年齢との順位相関（症例中央値・記述のみ・n=20）特徴点 ΔT（平均拍）: -0.27（研究1 の凍結版 ΔT は −0.197）
  年齢との順位相関（症例中央値・記述のみ・n=20）Am_b/Am_p1（平均拍）: -0.37（研究1 の凍結版 ΔT は −0.197）
  凍結版 PDA（研究1 のキャッシュがある 20 例）: 同じ窓の自己相関 ΔT 0.54・RI 0.48

------------------------------------------------------------------------------------------------
読み方
------------------------------------------------------------------------------------------------
  同定できる = 同定率 ≥ 0.70 かつ 自己相関 ≥ 0.30（症例中央値）。片方だけなら「同定できるが窓間で再現しない」等と書く。
  「同定できる」は再現性まで。妥当性（何を測っているか）は別の問いで、研究1 の前提検証のやり直しで問う。
  同定できなければ信号鎖（帯域制限・AGC・雑音）の問題が確定し、研究2（生波形）の根拠が立つ。
